0 0 -1 0
0.1 0.0899158038335 -0.997190844076 0
0.2 0.179328913509 -0.988799781038 0
0.3 0.267750403251 -0.974934269113 0
0.4 0.35471785563 -0.955767742716 0
0.5 0.439806191882 -0.931531741846 0
0.6 0.522635971993 -0.902506023597 0
0.7 0.602878861438 -0.86900754709 0
0.8 0.68026027417 -0.831379207527 0
0.9 0.754559459246 -0.789979072942 0
1 0.825607472336 -0.745170689718 0
1.1 0.893283557377 -0.697314813516 0
1.2 0.957510469477 -0.646762726364 0
1.3 1.0182492195 -0.593851140833 0
1.4 1.07549363738 -0.538898577945 0
1.5 1.12926505573 -0.482203035813 0
1.6 1.17960732301 -0.424040734072 0
1.7 1.22658227493 -0.36466571531 0
1.8 1.27026572872 -0.304310099331 0
1.9 1.31074401662 -0.243184811056 0
2 1.34811104256 -0.18148063212 0
2.1 1.38246582466 -0.119369455593 0
2.2 1.41391047521 -0.0570056502639 0
2.3 1.44254856504 0.00547253562628 0
2.4 1.46848381917 0.0679415818249 0
2.5 1.49181909347 0.130291349724 0
2.6 1.51265558649 0.192423805092 0
2.7 1.53109224583 0.254251823561 0
2.8 1.54722533379 0.315698085734 0
2.9 1.56114812206 0.376694063967 0
3 1.57295069003 0.437179099453 0
3.1 1.58271980552 0.497099566054 0
3.2 1.59053887025 0.556408115909 0
3.3 1.59648791573 0.615063001089 0
3.4 1.60064363781 0.673027465204 0
3.5 1.60307946032 0.730269198862 0
3.6 1.60386562021 0.78675985303 0
3.7 1.60306926805 0.842474604623 0
3.8 1.60075457905 0.897391769052 0
3.9 1.5969828707 0.951492454839 0
4 1.59181272415 1.00476025584 0
4.1 1.58530010692 1.05718097698 0
4.2 1.57749849515 1.10874238998 0
4.3 1.56845899414 1.15943401556 0
4.4 1.55823045609 1.2092469294 0
4.5 1.54685959436 1.25817358912 0
4.6 1.53439109373 1.30620767998 0
4.7 1.5208677164 1.35334397713 0
4.8 1.50633040341 1.39957822274 0
4.9 1.49081837155 1.44490701621 0
5 1.47436920557 1.48932771603 0
5.1 1.45701894593 1.5328383521 0
5.2 1.438802172 1.57543754729 0
5.3 1.41975208104 1.61712444716 0
5.4 1.39990056289 1.65789865712 0
5.5 1.37927827075 1.69776018608 0
5.6 1.35791468806 1.73670939592 0
5.7 1.33583819177 1.77474695624 0
5.8 1.31307611214 1.81187380367 0
5.9 1.28965478923 1.84809110538 0
6 1.26559962635 1.88340022638 0
6.1 1.24093514051 1.91780269997 0
6.2 1.21568501015 1.95130020136 0
6.3 1.18987212027 1.98389452385 0
6.4 1.16351860511 2.01558755743 0
6.5 1.13664588855 2.04638126951 0
6.6 1.10927472233 2.07627768759 0
6.7 1.08142522227 2.10527888371 0
6.8 1.05311690259 2.13338696034 0
6.9 1.02436870844 2.16060403776 0
7 0.995199046802 2.1869322427 0
7.1 0.965625815808 2.21237369803 0
7.2 0.935666432596 2.23693051355 0
7.3 0.905337859821 2.26060477768 0
7.4 0.874656630883 2.28339854992 0
7.5 0.843638873964 2.30531385414 0
7.6 0.812300334951 2.32635267249 0
7.7 0.780656399325 2.34651693991 0
7.8 0.748722113072 2.36580853924 0
7.9 0.716512202697 2.38422929674 0
8 0.684041094394 2.40178097816 0
8.1 0.651322932429 2.41846528511 0
8.2 0.618371596795 2.43428385186 0
8.3 0.585200720191 2.44923824246 0
8.4 0.551823704368 2.46332994812 0
8.5 0.518253735905 2.47656038495 0
8.6 0.484503801428 2.48893089179 0
8.7 0.450586702353 2.50044272844 0
8.8 0.41651506916 2.51109707397 0
8.9 0.382301375258 2.52089502525 0
9 0.347957950459 2.52983759565 0
9.1 0.313496994117 2.5379257139 0
9.2 0.278930587945 2.54516022304 0
9.3 0.244270708558 2.55154187959 0
9.4 0.209529239758 2.55707135275 0
9.5 0.174717984613 2.56174922377 0
9.6 0.139848677331 2.56557598535 0
9.7 0.104932994983 2.56855204123 0
9.8 0.0699825690866 2.5706777058 0
9.9 0.0350089970887 2.57195320382 0
10 2.38537614882e-05 2.57237867022 0
10.1 -0.034961297448 2.57195414998 0
10.2 -0.0699348930977 2.5706795981 0
10.3 -0.104885358429 2.56855487964 0
10.4 -0.139801096022 2.56557976981 0
10.5 -0.17467047439 2.5617539542 0
10.6 -0.209481816508 2.55707702907 0
10.7 -0.24422338822 2.55154850167 0
10.8 -0.278883386525 2.54516779076 0
10.9 -0.313449927691 2.5379342271 0
11 -0.347911035191 2.52984705416 0
11.1 -0.382254627404 2.52090542885 0
11.2 -0.416468505085 2.51110842243 0
11.3 -0.450540338535 2.5004550215 0
11.4 -0.484457654476 2.48894412916 0
11.5 -0.518207822566 2.4765745663 0
11.6 -0.551778041541 2.4633450731 0
11.7 -0.585155324936 2.44925431066 0
11.8 -0.618326486351 2.43430086285 0
11.9 -0.651278124222 2.41848323841 0
12 -0.683996606053 2.40179987323 0
12.1 -0.716468052065 2.38424913299 0
12.2 -0.748678318223 2.36582931603 0
12.3 -0.780612978579 2.34653865654 0
12.4 -0.812257306887 2.32637532818 0
12.5 -0.843596257437 2.30533744805 0
12.6 -0.874614445042 2.28342308112 0
12.7 -0.905296124125 2.26063024517 0
12.8 -0.935625166833 2.23695691622 0
12.9 -0.965585040111 2.21240103466 0
13 -0.995158781674 2.18696051198 0
13.1 -1.02432897477 2.16063323825 0
13.2 -1.05307772168 2.13341709046 0
13.3 -1.08138661585 2.10530994176 0
13.4 -1.10923671258 2.07630967169 0
13.5 -1.13660849815 2.04641417762 0
13.6 -1.16348185722 2.01562138733 0
13.7 -1.18983603861 1.98392927311 0
13.8 -1.215649619 1.95133586732 0
13.9 -1.24090046474 1.91783927974 0
14 -1.26556569146 1.88343771682 0
14.1 -1.28962162137 1.84812950307 0
14.2 -1.31304373816 1.81191310483 0
14.3 -1.33580663927 1.7747871568 0
14.4 -1.3578839854 1.7367504914 0
14.5 -1.37924844711 1.69780217161 0
14.6 -1.39987164831 1.65794152739 0
14.7 -1.41972410647 1.61716819635 0
14.8 -1.43877516934 1.57548216906 0
14.9 -1.45699294809 1.53288383951 0
15 -1.47434424653 1.48937406149 0
15.1 -1.49079448639 1.44495421143 0
15.2 -1.5063076284 1.39962625866 0
15.3 -1.52084608904 1.3533928438 0
15.4 -1.53437065285 1.30625736654 0
15.5 -1.54684038014 1.25822408365 0
15.6 -1.55821251017 1.20929821884 0
15.7 -1.56844235968 1.15948608558 0
15.8 -1.5774832169 1.10879522487 0
15.9 -1.58528623131 1.05723455947 0
16 -1.59180029937 1.00481456695 0
16.1 -1.59697194677 0.951547473726 0
16.2 -1.6007452079 0.897447472766 0
16.3 -1.60306150363 0.842530967906 0
16.4 -1.60385951853 0.786816848056 0
16.5 -1.60307507954 0.730326794955 0
16.6 -1.60064103833 0.673085628526 0
16.7 -1.59648716019 0.615121694295 0
16.8 -1.59054002364 0.556467297748 0
16.9 -1.58272293516 0.497159190942 0
17 -1.57295586558 0.437239116989 0
17.1 -1.5611554155 0.376754418392 0
17.2 -1.54723481935 0.31575871534 0
17.3 -1.53110399987 0.254312660035 0
17.4 -1.51266968729 0.192484772793 0
17.5 -1.49183562099 0.130352364885 0
17.6 -1.46850285468 0.0680025516999 0
17.7 -1.44257019063 0.00553335755207 0
17.8 -1.41393477315 -0.0569450898616 0
17.9 -1.38249287657 -0.119309282252 0
18 -1.3481409284 -0.181420984429 0
18.1 -1.31077681338 -0.243125841766 0
18.2 -1.27030150887 -0.304251976434 0
18.3 -1.22662110449 -0.364608623051 0
18.4 -1.17964925922 -0.423984873824 0
18.5 -1.12931014441 -0.482148626718 0
18.6 -1.07554190972 -0.538845857217 0
18.7 -1.01830068855 -0.593800363591 0
18.8 -0.957565126146 -0.646714164827 0
18.9 -0.893341366186 -0.697268755393 0
19 -0.825668366959 -0.745127435618 0
19.1 -0.754623338102 -0.789938932636 0
19.2 -0.680326996349 -0.831342494938 0
19.3 -0.602948243311 -0.868974573973 0
19.4 -0.522707784944 -0.902477091967 0
19.5 -0.439880161581 -0.931507135373 0
19.6 -0.354793663274 -0.955747717468 0
19.7 -0.26782768905 -0.974919044199 0
19.8 -0.179407282549 -0.988789529827 0
19.9 -0.0899948341851 -0.997185686744 0
20 -7.9252696425e-05 -0.999999998085 0
