0 -1 0 0
0.1 -0.997190844076 -0.0899158038335 0
0.2 -0.988799781038 -0.179328913509 0
0.3 -0.974934269113 -0.267750403251 0
0.4 -0.955767742716 -0.35471785563 0
0.5 -0.931531741846 -0.439806191882 0
0.6 -0.902506023597 -0.522635971993 0
0.7 -0.86900754709 -0.602878861438 0
0.8 -0.831379207527 -0.68026027417 0
0.9 -0.789979072942 -0.754559459246 0
1 -0.745170689718 -0.825607472336 0
1.1 -0.697314813516 -0.893283557377 0
1.2 -0.646762726364 -0.957510469477 0
1.3 -0.593851140833 -1.0182492195 0
1.4 -0.538898577945 -1.07549363738 0
1.5 -0.482203035813 -1.12926505573 0
1.6 -0.424040734072 -1.17960732301 0
1.7 -0.36466571531 -1.22658227493 0
1.8 -0.304310099331 -1.27026572872 0
1.9 -0.243184811056 -1.31074401662 0
2 -0.18148063212 -1.34811104256 0
2.1 -0.119369455593 -1.38246582466 0
2.2 -0.0570056502639 -1.41391047521 0
2.3 0.00547253562628 -1.44254856504 0
2.4 0.0679415818249 -1.46848381917 0
2.5 0.130291349724 -1.49181909347 0
2.6 0.192423805092 -1.51265558649 0
2.7 0.254251823561 -1.53109224583 0
2.8 0.315698085734 -1.54722533379 0
2.9 0.376694063967 -1.56114812206 0
3 0.437179099453 -1.57295069003 0
3.1 0.497099566054 -1.58271980552 0
3.2 0.556408115909 -1.59053887025 0
3.3 0.615063001089 -1.59648791573 0
3.4 0.673027465204 -1.60064363781 0
3.5 0.730269198862 -1.60307946032 0
3.6 0.78675985303 -1.60386562021 0
3.7 0.842474604623 -1.60306926805 0
3.8 0.897391769052 -1.60075457905 0
3.9 0.951492454839 -1.5969828707 0
4 1.00476025584 -1.59181272415 0
4.1 1.05718097698 -1.58530010692 0
4.2 1.10874238998 -1.57749849515 0
4.3 1.15943401556 -1.56845899414 0
4.4 1.2092469294 -1.55823045609 0
4.5 1.25817358912 -1.54685959436 0
4.6 1.30620767998 -1.53439109373 0
4.7 1.35334397713 -1.5208677164 0
4.8 1.39957822274 -1.50633040341 0
4.9 1.44490701621 -1.49081837155 0
5 1.48932771603 -1.47436920557 0
5.1 1.5328383521 -1.45701894593 0
5.2 1.57543754729 -1.438802172 0
5.3 1.61712444716 -1.41975208104 0
5.4 1.65789865712 -1.39990056289 0
5.5 1.69776018608 -1.37927827075 0
5.6 1.73670939592 -1.35791468806 0
5.7 1.77474695624 -1.33583819177 0
5.8 1.81187380367 -1.31307611214 0
5.9 1.84809110538 -1.28965478923 0
6 1.88340022638 -1.26559962635 0
6.1 1.91780269997 -1.24093514051 0
6.2 1.95130020136 -1.21568501015 0
6.3 1.98389452385 -1.18987212027 0
6.4 2.01558755743 -1.16351860511 0
6.5 2.04638126951 -1.13664588855 0
6.6 2.07627768759 -1.10927472233 0
6.7 2.10527888371 -1.08142522227 0
6.8 2.13338696034 -1.05311690259 0
6.9 2.16060403776 -1.02436870844 0
7 2.1869322427 -0.995199046802 0
7.1 2.21237369803 -0.965625815808 0
7.2 2.23693051355 -0.935666432596 0
7.3 2.26060477768 -0.905337859821 0
7.4 2.28339854992 -0.874656630883 0
7.5 2.30531385414 -0.843638873964 0
7.6 2.32635267249 -0.812300334951 0
7.7 2.34651693991 -0.780656399325 0
7.8 2.36580853924 -0.748722113072 0
7.9 2.38422929674 -0.716512202697 0
8 2.40178097816 -0.684041094394 0
8.1 2.41846528511 -0.651322932429 0
8.2 2.43428385186 -0.618371596795 0
8.3 2.44923824246 -0.585200720191 0
8.4 2.46332994812 -0.551823704368 0
8.5 2.47656038495 -0.518253735905 0
8.6 2.48893089179 -0.484503801428 0
8.7 2.50044272844 -0.450586702353 0
8.8 2.51109707397 -0.416515069161 0
8.9 2.52089502525 -0.382301375258 0
9 2.52983759565 -0.347957950459 0
9.1 2.5379257139 -0.313496994117 0
9.2 2.54516022304 -0.278930587945 0
9.3 2.55154187959 -0.244270708558 0
9.4 2.55707135275 -0.209529239758 0
9.5 2.56174922377 -0.174717984613 0
9.6 2.56557598535 -0.139848677331 0
9.7 2.56855204123 -0.104932994983 0
9.8 2.5706777058 -0.0699825690866 0
9.9 2.57195320382 -0.0350089970887 0
10 2.57237867022 -2.385376149e-05 0
10.1 2.57195414998 0.034961297448 0
10.2 2.5706795981 0.0699348930977 0
10.3 2.56855487964 0.104885358429 0
10.4 2.56557976981 0.139801096022 0
10.5 2.5617539542 0.17467047439 0
10.6 2.55707702907 0.209481816508 0
10.7 2.55154850167 0.24422338822 0
10.8 2.54516779076 0.278883386525 0
10.9 2.5379342271 0.313449927691 0
11 2.52984705416 0.347911035191 0
11.1 2.52090542885 0.382254627404 0
11.2 2.51110842243 0.416468505085 0
11.3 2.5004550215 0.450540338535 0
11.4 2.48894412916 0.484457654476 0
11.5 2.4765745663 0.518207822566 0
11.6 2.4633450731 0.551778041541 0
11.7 2.44925431066 0.585155324936 0
11.8 2.43430086285 0.618326486351 0
11.9 2.41848323841 0.651278124222 0
12 2.40179987323 0.683996606053 0
12.1 2.38424913299 0.716468052065 0
12.2 2.36582931603 0.748678318223 0
12.3 2.34653865654 0.780612978579 0
12.4 2.32637532818 0.812257306887 0
12.5 2.30533744805 0.843596257437 0
12.6 2.28342308112 0.874614445042 0
12.7 2.26063024517 0.905296124125 0
12.8 2.23695691622 0.935625166833 0
12.9 2.21240103466 0.965585040111 0
13 2.18696051198 0.995158781674 0
13.1 2.16063323825 1.02432897477 0
13.2 2.13341709046 1.05307772168 0
13.3 2.10530994176 1.08138661585 0
13.4 2.07630967169 1.10923671258 0
13.5 2.04641417762 1.13660849815 0
13.6 2.01562138733 1.16348185722 0
13.7 1.98392927311 1.18983603861 0
13.8 1.95133586732 1.215649619 0
13.9 1.91783927974 1.24090046474 0
14 1.88343771682 1.26556569146 0
14.1 1.84812950307 1.28962162137 0
14.2 1.81191310483 1.31304373816 0
14.3 1.7747871568 1.33580663927 0
14.4 1.7367504914 1.3578839854 0
14.5 1.69780217161 1.37924844711 0
14.6 1.65794152739 1.39987164831 0
14.7 1.61716819635 1.41972410647 0
14.8 1.57548216906 1.43877516934 0
14.9 1.53288383951 1.45699294809 0
15 1.48937406149 1.47434424653 0
15.1 1.44495421143 1.49079448639 0
15.2 1.39962625866 1.5063076284 0
15.3 1.3533928438 1.52084608904 0
15.4 1.30625736654 1.53437065285 0
15.5 1.25822408365 1.54684038014 0
15.6 1.20929821884 1.55821251017 0
15.7 1.15948608558 1.56844235968 0
15.8 1.10879522487 1.5774832169 0
15.9 1.05723455947 1.58528623131 0
16 1.00481456695 1.59180029937 0
16.1 0.951547473726 1.59697194677 0
16.2 0.897447472766 1.6007452079 0
16.3 0.842530967906 1.60306150363 0
16.4 0.786816848056 1.60385951853 0
16.5 0.730326794955 1.60307507954 0
16.6 0.673085628526 1.60064103833 0
16.7 0.615121694295 1.59648716019 0
16.8 0.556467297748 1.59054002364 0
16.9 0.497159190942 1.58272293516 0
17 0.437239116989 1.57295586558 0
17.1 0.376754418392 1.5611554155 0
17.2 0.31575871534 1.54723481935 0
17.3 0.254312660035 1.53110399987 0
17.4 0.192484772793 1.51266968729 0
17.5 0.130352364885 1.49183562099 0
17.6 0.0680025516999 1.46850285468 0
17.7 0.00553335755208 1.44257019063 0
17.8 -0.0569450898616 1.41393477315 0
17.9 -0.119309282252 1.38249287657 0
18 -0.181420984429 1.3481409284 0
18.1 -0.243125841766 1.31077681338 0
18.2 -0.304251976434 1.27030150887 0
18.3 -0.364608623051 1.22662110449 0
18.4 -0.423984873824 1.17964925922 0
18.5 -0.482148626718 1.12931014441 0
18.6 -0.538845857217 1.07554190972 0
18.7 -0.593800363591 1.01830068855 0
18.8 -0.646714164827 0.957565126146 0
18.9 -0.697268755393 0.893341366186 0
19 -0.745127435618 0.825668366959 0
19.1 -0.789938932636 0.754623338102 0
19.2 -0.831342494938 0.680326996349 0
19.3 -0.868974573973 0.602948243311 0
19.4 -0.902477091967 0.522707784944 0
19.5 -0.931507135373 0.439880161581 0
19.6 -0.955747717468 0.354793663274 0
19.7 -0.974919044199 0.26782768905 0
19.8 -0.988789529827 0.179407282549 0
19.9 -0.997185686744 0.0899948341851 0
20 -0.999999998085 7.92526964173e-05 0
