0 0 1 0
0.1 -0.08992102555 0.9971910211 0
0.2 -0.1793393558 0.9888007455 0
0.3 -0.2677660607 0.9749366596 0
0.4 -0.3547387339 0.9557722403 0
0.5 -0.4398323274 0.9315390776 0
0.6 -0.5226674534 0.9025169784 0
0.7 -0.6029158501 0.8690229436 0
0.8 -0.6803030205 0.8313998966 0
0.9 -0.7546083145 0.7900059151 0
1 -0.8256628939 0.7452045351 0
1.1 -0.8933461087 0.6973564816 0
1.2 -0.957580815 0.6468129874 0
1.3 -1.018328116 0.5939106995 0
1.4 -1.075581921 0.5389680608 0
1.5 -1.12936363 0.4822829817 0
1.6 -1.179717145 0.4241315882 0
1.7 -1.226704341 0.364767826 0
1.8 -1.27040106 0.3044237177 0
1.9 -1.310893649 0.2433100923 0
2 -1.348276015 0.1816176389 0
2.1 -1.38264717 0.1195181623 0
2.2 -1.414109213 0.05716594791 0
2.3 -1.442765694 -0.00530083347 0
2.4 -1.468720311 -0.06775873338 0
2.5 -1.492075889 -0.130097679 0
2.6 -1.512933595 -0.1922196963 0
2.7 -1.531392339 -0.2540377151 0
2.8 -1.547548345 -0.3154744653 0
2.9 -1.561494846 -0.3764614632 0
3 -1.573321881 -0.4369380894 0
3.1 -1.583116178 -0.4968507528 0
3.2 -1.590961099 -0.5561521367 0
3.3 -1.596936635 -0.6148005205 0
3.4 -1.601119443 -0.6727591719 0
3.5 -1.603582909 -0.7299958027 0
3.6 -1.604397231 -0.7864820821 0
3.7 -1.603629524 -0.8421932031 0
3.8 -1.601343928 -0.8971074947 0
3.9 -1.597601724 -0.9512060772 0
4 -1.592461461 -1.004472554 0
4.1 -1.585979073 -1.056892739 0
4.2 -1.578208006 -1.108454411 0
4.3 -1.569199334 -1.159147096 0
4.4 -1.559001879 -1.208961874 0
4.5 -1.547662328 -1.257891207 0
4.6 -1.535225336 -1.305928781 0
4.7 -1.52173364 -1.353069376 0
4.8 -1.507228155 -1.399308733 0
4.9 -1.491748073 -1.444643453 0
5 -1.475330955 -1.489070895 0
5.1 -1.458012818 -1.532589087 0
5.2 -1.439828218 -1.575196653 0
5.3 -1.420810332 -1.616892736 0
5.4 -1.400991027 -1.657676941 0
5.5 -1.380400937 -1.697549274 0
5.6 -1.359069524 -1.736510096 0
5.7 -1.337025147 -1.774560074 0
5.8 -1.314295116 -1.811700142 0
5.9 -1.290905754 -1.847931466 0
6 -1.266882445 -1.883255408 0
6.1 -1.242249689 -1.917673499 0
6.2 -1.217031147 -1.95118741 0
6.3 -1.191249688 -1.983798933 0
6.4 -1.164927428 -2.015509956 0
6.5 -1.138085776 -2.046322442 0
6.6 -1.110745467 -2.076238417 0
6.7 -1.082926601 -2.10525995 0
6.8 -1.054648678 -2.133389141 0
6.9 -1.025930626 -2.160628107 0
7 -0.9967908381 -2.186978972 0
7.1 -0.9672471972 -2.212443857 0
7.2 -0.9373171056 -2.23702487 0
7.3 -0.9070175111 -2.260724095 0
7.4 -0.8763649326 -2.28354359 0
7.5 -0.8453754837 -2.305485377 0
7.6 -0.8140648958 -2.326551435 0
7.7 -0.7824485398 -2.346743697 0
7.8 -0.7505414474 -2.366064044 0
7.9 -0.7183583306 -2.3845143 0
8 -0.6859136011 -2.402096228 0
8.1 -0.6532213887 -2.418811529 0
8.2 -0.6202955587 -2.434661834 0
8.3 -0.5871497294 -2.449648707 0
8.4 -0.5537972877 -2.463773635 0
8.5 -0.5202514053 -2.477038034 0
8.6 -0.4865250539 -2.489443241 0
8.7 -0.4526310198 -2.500990514 0
8.8 -0.4185819182 -2.511681031 0
8.9 -0.3843902071 -2.521515888 0
9 -0.3500682006 -2.530496095 0
9.1 -0.3156280822 -2.538622581 0
9.2 -0.2810819175 -2.545896187 0
9.3 -0.2464416667 -2.552317669 0
9.4 -0.211719197 -2.557887695 0
9.5 -0.1769262946 -2.562606845 0
9.6 -0.1420746762 -2.56647561 0
9.7 -0.1071760014 -2.569494394 0
9.8 -0.07224188378 -2.571663509 0
9.9 -0.03728390234 -2.572983179 0
10 -0.00231361311 -2.573453539 0
10.1 0.03265743969 -2.573074632 0
10.2 0.06761771227 -2.571846413 0
10.3 0.1025556501 -2.569768745 0
10.4 0.1374596763 -2.566841403 0
10.5 0.1723181807 -2.563064072 0
10.6 0.207119508 -2.558436346 0
10.7 0.2418519465 -2.552957733 0
10.8 0.2765037163 -2.546627649 0
10.9 0.3110629571 -2.539445424 0
11 0.3455177171 -2.531410301 0
11.1 0.3798559396 -2.522521435 0
11.2 0.4140654514 -2.512777895 0
11.3 0.4481339495 -2.502178668 0
11.4 0.4820489882 -2.490722655 0
11.5 0.5157979657 -2.478408673 0
11.6 0.5493681103 -2.465235463 0
11.7 0.582746466 -2.451201682 0
11.8 0.6159198779 -2.436305912 0
11.9 0.6488749771 -2.420546659 0
12 0.681598165 -2.403922357 0
12.1 0.7140755968 -2.386431366 0
12.2 0.746293165 -2.368071983 0
12.3 0.7782364812 -2.348842436 0
12.4 0.8098908584 -2.328740896 0
12.5 0.8412412917 -2.307765474 0
12.6 0.872272438 -2.28591423 0
12.7 0.9029685959 -2.263185176 0
12.8 0.9333136832 -2.23957628 0
12.9 0.9632912146 -2.215085476 0
13 0.9928842772 -2.189710666 0
13.1 1.022075506 -2.163449733 0
13.2 1.050847057 -2.136300541 0
13.3 1.079180581 -2.108260954 0
13.4 1.10705719 -2.079328839 0
13.5 1.134457433 -2.049502078 0
13.6 1.161361257 -2.018778586 0
13.7 1.18774798 -1.987156316 0
13.8 1.213596247 -1.954633284 0
13.9 1.238883997 -1.921207579 0
14 1.263588422 -1.886877383 0
14.1 1.287685926 -1.851640998 0
14.2 1.311152075 -1.815496862 0
14.3 1.333961555 -1.77844358 0
14.4 1.356088117 -1.74047995 0
14.5 1.37750453 -1.701604998 0
14.6 1.398182518 -1.661818014 0
14.7 1.418092705 -1.621118591 0
14.8 1.437204549 -1.579506669 0
14.9 1.455486279 -1.536982587 0
15 1.472904822 -1.49354714 0
15.1 1.489425726 -1.449201635 0
15.2 1.505013089 -1.403947969 0
15.3 1.519629469 -1.3577887 0
15.4 1.533235798 -1.310727137 0
15.5 1.545791294 -1.262767436 0
15.6 1.557253359 -1.213914711 0
15.7 1.567577482 -1.164175151 0
15.8 1.576717131 -1.113556162 0
15.9 1.584623643 -1.062066513 0
16 1.591246113 -1.009716516 0
16.1 1.596531271 -0.9565182096 0
16.2 1.600423367 -0.9024855802 0
16.3 1.602864044 -0.8476348014 0
16.4 1.603792219 -0.7919845065 0
16.5 1.603143958 -0.7355560929 0
16.6 1.60085236 -0.678374064 0
16.7 1.596847443 -0.6204664136 0
16.8 1.591056045 -0.5618650554 0
16.9 1.583401733 -0.5026063057 0
17 1.57380474 -0.4427314227 0
17.1 1.562181928 -0.3822872095 0
17.2 1.548446784 -0.3213266864 0
17.3 1.532509471 -0.2599098392 0
17.4 1.514276945 -0.1981044486 0
17.5 1.493653141 -0.1359870061 0
17.6 1.470539274 -0.07364371997 0
17.7 1.444834258 -0.0111716137 0
17.8 1.416435287 0.05132028642 0
17.9 1.385238602 0.1137096792 0
18 1.351140495 0.1758596461 0
18.1 1.314038587 0.23761726 0
18.2 1.273833433 0.2988121789 0
18.3 1.230430512 0.3592552741 0
18.4 1.183742641 0.4187373615 0
18.5 1.133692885 0.4770281261 0
18.6 1.080217973 0.5338753608 0
18.7 1.023272269 0.5890046633 0
18.8 0.9628322573 0.6421197726 0
18.9 0.8989015011 0.6929037436 0
19 0.8315159437 0.7410211813 0
19.1 0.7607493504 0.78612175 0
19.2 0.6867185982 0.8278451447 0
19.3 0.6095884229 0.8658276458 0
19.4 0.5295751492 0.8997102674 0
19.5 0.4469488721 0.9291483538 0
19.6 0.3620335632 0.953822282 0
19.7 0.2752046469 0.9734487219 0
19.8 0.1868837635 0.9877917123 0
19.9 0.09753068472 0.9966726811 0
20 0.007632660378 0.9999785151 0
