0 1 0 0
0.1 0.9971910211 0.08992102555 0
0.2 0.9888007455 0.1793393558 0
0.3 0.9749366596 0.2677660607 0
0.4 0.9557722403 0.3547387339 0
0.5 0.9315390776 0.4398323274 0
0.6 0.9025169784 0.5226674534 0
0.7 0.8690229436 0.6029158501 0
0.8 0.8313998966 0.6803030205 0
0.9 0.7900059151 0.7546083145 0
1 0.7452045351 0.8256628939 0
1.1 0.6973564816 0.8933461087 0
1.2 0.6468129874 0.957580815 0
1.3 0.5939106995 1.018328116 0
1.4 0.5389680608 1.075581921 0
1.5 0.4822829817 1.12936363 0
1.6 0.4241315882 1.179717145 0
1.7 0.364767826 1.226704341 0
1.8 0.3044237177 1.27040106 0
1.9 0.2433100923 1.310893649 0
2 0.1816176389 1.348276015 0
2.1 0.1195181623 1.38264717 0
2.2 0.05716594791 1.414109213 0
2.3 -0.00530083347 1.442765694 0
2.4 -0.06775873338 1.468720311 0
2.5 -0.130097679 1.492075889 0
2.6 -0.1922196963 1.512933595 0
2.7 -0.2540377151 1.531392339 0
2.8 -0.3154744653 1.547548345 0
2.9 -0.3764614632 1.561494846 0
3 -0.4369380894 1.573321881 0
3.1 -0.4968507528 1.583116178 0
3.2 -0.5561521367 1.590961099 0
3.3 -0.6148005205 1.596936635 0
3.4 -0.6727591719 1.601119443 0
3.5 -0.7299958027 1.603582909 0
3.6 -0.7864820821 1.604397231 0
3.7 -0.8421932031 1.603629524 0
3.8 -0.8971074947 1.601343928 0
3.9 -0.9512060772 1.597601724 0
4 -1.004472554 1.592461461 0
4.1 -1.056892739 1.585979073 0
4.2 -1.108454411 1.578208006 0
4.3 -1.159147096 1.569199334 0
4.4 -1.208961874 1.559001879 0
4.5 -1.257891207 1.547662328 0
4.6 -1.305928781 1.535225336 0
4.7 -1.353069376 1.52173364 0
4.8 -1.399308733 1.507228155 0
4.9 -1.444643453 1.491748073 0
5 -1.489070895 1.475330955 0
5.1 -1.532589087 1.458012818 0
5.2 -1.575196653 1.439828218 0
5.3 -1.616892736 1.420810332 0
5.4 -1.657676941 1.400991027 0
5.5 -1.697549274 1.380400937 0
5.6 -1.736510096 1.359069524 0
5.7 -1.774560074 1.337025147 0
5.8 -1.811700142 1.314295116 0
5.9 -1.847931466 1.290905754 0
6 -1.883255408 1.266882445 0
6.1 -1.917673499 1.242249689 0
6.2 -1.95118741 1.217031147 0
6.3 -1.983798933 1.191249688 0
6.4 -2.015509956 1.164927428 0
6.5 -2.046322442 1.138085776 0
6.6 -2.076238417 1.110745467 0
6.7 -2.10525995 1.082926601 0
6.8 -2.133389141 1.054648678 0
6.9 -2.160628107 1.025930626 0
7 -2.186978972 0.9967908381 0
7.1 -2.212443857 0.9672471972 0
7.2 -2.23702487 0.9373171056 0
7.3 -2.260724095 0.9070175111 0
7.4 -2.28354359 0.8763649326 0
7.5 -2.305485377 0.8453754837 0
7.6 -2.326551435 0.8140648958 0
7.7 -2.346743697 0.7824485398 0
7.8 -2.366064044 0.7505414474 0
7.9 -2.3845143 0.7183583306 0
8 -2.402096228 0.6859136011 0
8.1 -2.418811529 0.6532213887 0
8.2 -2.434661834 0.6202955587 0
8.3 -2.449648707 0.5871497294 0
8.4 -2.463773635 0.5537972877 0
8.5 -2.477038034 0.5202514053 0
8.6 -2.489443241 0.4865250539 0
8.7 -2.500990514 0.4526310198 0
8.8 -2.511681031 0.4185819182 0
8.9 -2.521515888 0.3843902071 0
9 -2.530496095 0.3500682006 0
9.1 -2.538622581 0.3156280822 0
9.2 -2.545896187 0.2810819175 0
9.3 -2.552317669 0.2464416667 0
9.4 -2.557887695 0.211719197 0
9.5 -2.562606845 0.1769262946 0
9.6 -2.56647561 0.1420746762 0
9.7 -2.569494394 0.1071760014 0
9.8 -2.571663509 0.07224188378 0
9.9 -2.572983179 0.03728390234 0
10 -2.573453539 0.00231361311 0
10.1 -2.573074632 -0.03265743969 0
10.2 -2.571846413 -0.06761771227 0
10.3 -2.569768745 -0.1025556501 0
10.4 -2.566841403 -0.1374596763 0
10.5 -2.563064072 -0.1723181807 0
10.6 -2.558436346 -0.207119508 0
10.7 -2.552957733 -0.2418519465 0
10.8 -2.546627649 -0.2765037163 0
10.9 -2.539445424 -0.3110629571 0
11 -2.531410301 -0.3455177171 0
11.1 -2.522521435 -0.3798559396 0
11.2 -2.512777895 -0.4140654514 0
11.3 -2.502178668 -0.4481339495 0
11.4 -2.490722655 -0.4820489882 0
11.5 -2.478408673 -0.5157979657 0
11.6 -2.465235463 -0.5493681103 0
11.7 -2.451201682 -0.582746466 0
11.8 -2.436305912 -0.6159198779 0
11.9 -2.420546659 -0.6488749771 0
12 -2.403922357 -0.681598165 0
12.1 -2.386431366 -0.7140755968 0
12.2 -2.368071983 -0.746293165 0
12.3 -2.348842436 -0.7782364812 0
12.4 -2.328740896 -0.8098908584 0
12.5 -2.307765474 -0.8412412917 0
12.6 -2.28591423 -0.872272438 0
12.7 -2.263185176 -0.9029685959 0
12.8 -2.23957628 -0.9333136832 0
12.9 -2.215085476 -0.9632912146 0
13 -2.189710666 -0.9928842772 0
13.1 -2.163449733 -1.022075506 0
13.2 -2.136300541 -1.050847057 0
13.3 -2.108260954 -1.079180581 0
13.4 -2.079328839 -1.10705719 0
13.5 -2.049502078 -1.134457433 0
13.6 -2.018778586 -1.161361257 0
13.7 -1.987156316 -1.18774798 0
13.8 -1.954633284 -1.213596247 0
13.9 -1.921207579 -1.238883997 0
14 -1.886877383 -1.263588422 0
14.1 -1.851640998 -1.287685926 0
14.2 -1.815496862 -1.311152075 0
14.3 -1.77844358 -1.333961555 0
14.4 -1.74047995 -1.356088117 0
14.5 -1.701604998 -1.37750453 0
14.6 -1.661818014 -1.398182518 0
14.7 -1.621118591 -1.418092705 0
14.8 -1.579506669 -1.437204549 0
14.9 -1.536982587 -1.455486279 0
15 -1.49354714 -1.472904822 0
15.1 -1.449201635 -1.489425726 0
15.2 -1.403947969 -1.505013089 0
15.3 -1.3577887 -1.519629469 0
15.4 -1.310727137 -1.533235798 0
15.5 -1.262767436 -1.545791294 0
15.6 -1.213914711 -1.557253359 0
15.7 -1.164175151 -1.567577482 0
15.8 -1.113556162 -1.576717131 0
15.9 -1.062066513 -1.584623643 0
16 -1.009716516 -1.591246113 0
16.1 -0.9565182096 -1.596531271 0
16.2 -0.9024855802 -1.600423367 0
16.3 -0.8476348014 -1.602864044 0
16.4 -0.7919845065 -1.603792219 0
16.5 -0.7355560929 -1.603143958 0
16.6 -0.678374064 -1.60085236 0
16.7 -0.6204664136 -1.596847443 0
16.8 -0.5618650554 -1.591056045 0
16.9 -0.5026063057 -1.583401733 0
17 -0.4427314227 -1.57380474 0
17.1 -0.3822872095 -1.562181928 0
17.2 -0.3213266864 -1.548446784 0
17.3 -0.2599098392 -1.532509471 0
17.4 -0.1981044486 -1.514276945 0
17.5 -0.1359870061 -1.493653141 0
17.6 -0.07364371997 -1.470539274 0
17.7 -0.0111716137 -1.444834258 0
17.8 0.05132028642 -1.416435287 0
17.9 0.1137096792 -1.385238602 0
18 0.1758596461 -1.351140495 0
18.1 0.23761726 -1.314038587 0
18.2 0.2988121789 -1.273833433 0
18.3 0.3592552741 -1.230430512 0
18.4 0.4187373615 -1.183742641 0
18.5 0.4770281261 -1.133692885 0
18.6 0.5338753608 -1.080217973 0
18.7 0.5890046633 -1.023272269 0
18.8 0.6421197726 -0.9628322573 0
18.9 0.6929037436 -0.8989015011 0
19 0.7410211813 -0.8315159437 0
19.1 0.78612175 -0.7607493504 0
19.2 0.8278451447 -0.6867185982 0
19.3 0.8658276458 -0.6095884229 0
19.4 0.8997102674 -0.5295751492 0
19.5 0.9291483538 -0.4469488721 0
19.6 0.953822282 -0.3620335632 0
19.7 0.9734487219 -0.2752046469 0
19.8 0.9877917123 -0.1868837635 0
19.9 0.9966726811 -0.09753068472 0
20 0.9999785151 -0.007632660378 0
