0 0 1 0
0.1 -0.08993685045 0.9971910643 0
0.2 -0.1793710443 0.9888026682 0
0.3 -0.2678136353 0.9749423798 0
0.4 -0.3548022453 0.9557838022 0
0.5 -0.4399119135 0.9315586756 0
0.6 -0.5227634043 0.9025469575 0
0.7 -0.6030286692 0.8690657774 0
0.8 -0.6804334756 0.8314581456 0
0.9 -0.7547574729 0.7900821735 0
1 -0.8258321404 0.7453013696 0
1.1 -0.8935371465 0.697476371 0
1.2 -0.9577956511 0.6469582655 0
1.3 -1.018569035 0.5940835066 0
1.4 -1.075851451 0.5391703044 0
1.5 -1.129664504 0.4825163075 0
1.6 -1.180052256 0.4243973613 0
1.7 -1.227076702 0.365067121 0
1.8 -1.270813769 0.3047573163 0
1.9 -1.311349847 0.2436784876 0
2 -1.348778855 0.182021044 0
2.1 -1.383199792 0.1199565233 0
2.2 -1.414714714 0.05763895883 0
2.3 -1.443427113 -0.004793714306 0
2.4 -1.469440611 -0.06721826575 0
2.5 -1.492857943 -0.1295248233 0
2.6 -1.513780175 -0.191615596 0
2.7 -1.532306109 -0.2534036803 0
2.8 -1.548531857 -0.3148119562 0
2.9 -1.562550534 -0.3757720757 0
3 -1.57445206 -0.4362235403 0
3.1 -1.584323042 -0.4961128671 0
3.2 -1.592246722 -0.5553928355 0
3.3 -1.598302972 -0.6140218099 0
3.4 -1.60256833 -0.6719631332 0
3.5 -1.605116066 -0.7291845829 0
3.6 -1.606016266 -0.7856578859 0
3.7 -1.605335933 -0.8413582852 0
3.8 -1.603139099 -0.8962641534 0
3.9 -1.599486941 -0.950356648 0
4 -1.594437905 -1.003619405 0
4.1 -1.588047828 -1.056038264 0
4.2 -1.580370059 -1.107601028 0
4.3 -1.571455581 -1.15829724 0
4.4 -1.561353125 -1.208117998 0
4.5 -1.550109292 -1.257055774 0
4.6 -1.537768654 -1.305104267 0
4.7 -1.524373866 -1.35225826 0
4.8 -1.509965765 -1.398513502 0
4.9 -1.494583468 -1.443866596 0
5 -1.478264462 -1.488314902 0
5.1 -1.461044693 -1.531856451 0
5.2 -1.442958648 -1.574489863 0
5.3 -1.424039437 -1.61621428 0
5.4 -1.404318864 -1.657029304 0
5.5 -1.383827497 -1.696934937 0
5.6 -1.362594739 -1.735931535 0
5.7 -1.340648888 -1.77401976 0
5.8 -1.318017197 -1.81120054 0
5.9 -1.294725932 -1.847475035 0
6 -1.27080042 -1.882844601 0
6.1 -1.246265109 -1.917310761 0
6.2 -1.221143607 -1.950875181 0
6.3 -1.195458729 -1.983539645 0
6.4 -1.169232542 -2.015306032 0
6.5 -1.142486403 -2.0461763 0
6.6 -1.115241001 -2.076152467 0
6.7 -1.087516385 -2.105236595 0
6.8 -1.059332007 -2.133430776 0
6.9 -1.030706749 -2.160737121 0
7 -1.001658957 -2.187157747 0
7.1 -0.9722064679 -2.212694766 0
7.2 -0.9423666377 -2.237350281 0
7.3 -0.912156369 -2.261126369 0
7.4 -0.8815921354 -2.284025081 0
7.5 -0.8506900055 -2.306048433 0
7.6 -0.8194656659 -2.327198398 0
7.7 -0.7879344429 -2.347476903 0
7.8 -0.7561113232 -2.366885823 0
7.9 -0.7240109742 -2.385426976 0
8 -0.6916477629 -2.403102121 0
8.1 -0.6590357741 -2.419912953 0
8.2 -0.626188828 -2.435861098 0
8.3 -0.5931204974 -2.450948114 0
8.4 -0.5598441237 -2.465175487 0
8.5 -0.5263728325 -2.478544626 0
8.6 -0.4927195492 -2.491056864 0
8.7 -0.4588970132 -2.502713456 0
8.8 -0.4249177922 -2.513515576 0
8.9 -0.3907942963 -2.523464315 0
9 -0.356538791 -2.532560683 0
9.1 -0.3221634105 -2.540805603 0
9.2 -0.2876801704 -2.548199915 0
9.3 -0.25310098 -2.554744371 0
9.4 -0.2184376547 -2.560439636 0
9.5 -0.1837019281 -2.565286288 0
9.6 -0.1489054634 -2.569284816 0
9.7 -0.1140598654 -2.572435621 0
9.8 -0.07917669155 -2.574739014 0
9.9 -0.04426746404 -2.576195217 0
10 -0.009343680459 -2.576804362 0
10.1 0.02558317468 -2.57656649 0
10.2 0.06050161877 -2.575481555 0
10.3 0.09540015989 -2.573549418 0
10.4 0.1302672856 -2.570769851 0
10.5 0.1650914515 -2.567142538 0
10.6 0.1998610703 -2.562667071 0
10.7 0.2345644997 -2.557342954 0
10.8 0.2691900315 -2.551169604 0
10.9 0.3037258793 -2.544146347 0
11 0.338160167 -2.536272422 0
11.1 0.3724809163 -2.527546984 0
11.2 0.4066760346 -2.517969097 0
11.3 0.4407333021 -2.507537744 0
11.4 0.4746403591 -2.496251821 0
11.5 0.5083846927 -2.484110145 0
11.6 0.5419536228 -2.471111448 0
11.7 0.5753342882 -2.457254382 0
11.8 0.6085136325 -2.442537524 0
11.9 0.6414783884 -2.426959373 0
12 0.6742150625 -2.410518353 0
12.1 0.7067099194 -2.393212817 0
12.2 0.7389489647 -2.375041052 0
12.3 0.7709179277 -2.356001275 0
12.4 0.8026022434 -2.336091643 0
12.5 0.8339870335 -2.315310255 0
12.6 0.8650570869 -2.293655154 0
12.7 0.895796839 -2.271124335 0
12.8 0.9261903504 -2.247715747 0
12.9 0.9562212838 -2.223427303 0
13 0.9858728812 -2.19825688 0
13.1 1.015127939 -2.172202334 0
13.2 1.04396878 -2.145261502 0
13.3 1.07237723 -2.117432212 0
13.4 1.100334586 -2.088712295 0
13.5 1.127821586 -2.059099595 0
13.6 1.154818377 -2.028591979 0
13.7 1.181304484 -1.997187354 0
13.8 1.20725877 -1.964883677 0
13.9 1.232659404 -1.931678978 0
14 1.257483815 -1.897571374 0
14.1 1.281708656 -1.862559089 0
14.2 1.305309755 -1.82664048 0
14.3 1.328262071 -1.789814061 0
14.4 1.350539643 -1.75207853 0
14.5 1.372115541 -1.713432801 0
14.6 1.392961804 -1.673876043 0
14.7 1.413049387 -1.63340771 0
14.8 1.432348097 -1.592027593 0
14.9 1.450826525 -1.549735866 0
15 1.468451983 -1.506533137 0
15.1 1.485190421 -1.462420513 0
15.2 1.501006358 -1.417399663 0
15.3 1.515862796 -1.371472897 0
15.4 1.529721132 -1.324643247 0
15.5 1.542541072 -1.276914565 0
15.6 1.554280531 -1.228291622 0
15.7 1.564895535 -1.178780235 0
15.8 1.574340115 -1.128387389 0
15.9 1.5825662 -1.077121394 0
16 1.5895235 -1.024992045 0
16.1 1.595159391 -0.9720108112 0
16.2 1.599418797 -0.9181910439 0
16.3 1.60224406 -0.8635482115 0
16.4 1.603574827 -0.8081001629 0
16.5 1.603347916 -0.7518674227 0
16.6 1.601497206 -0.6948735232 0
16.7 1.597953514 -0.6371453768 0
16.8 1.592644494 -0.5787136938 0
16.9 1.585494541 -0.51961345 0
17 1.576424723 -0.4598844116 0
17.1 1.565352728 -0.3995717212 0
17.2 1.552192855 -0.3387265514 0
17.3 1.536856045 -0.2774068343 0
17.4 1.519249978 -0.2156780693 0
17.5 1.49927924 -0.1536142177 0
17.6 1.476845587 -0.09129868673 0
17.7 1.451848329 -0.02882540537 0
17.8 1.424184866 0.03370000805 0
17.9 1.393751402 0.09615899195 0
18 1.360443878 0.1584187121 0
18.1 1.324159177 0.220330676 0
18.2 1.28479664 0.281729322 0
18.3 1.242259948 0.342430627 0
18.4 1.196459424 0.4022307975 0
18.5 1.147314816 0.4609051273 0
18.6 1.094758582 0.5182071355 0
18.7 1.038739723 0.573868123 0
18.8 0.9792281524 0.6275973197 0
18.9 0.9162195511 0.6790828186 0
19 0.8497406103 0.7279935146 0
19.1 0.7798544782 0.7739822677 0
19.2 0.7066661393 0.8166904899 0
19.3 0.6303273605 0.8557542995 0
19.4 0.5510407451 0.890812285 0
19.5 0.4690623735 0.9215147777 0
19.6 0.3847024906 0.9475343422 0
19.7 0.298323759 0.9685769863 0
19.8 0.2103367391 0.9843933895 0
19.9 0.1211924922 0.9947892999 0
20 0.03137250554 0.9996341933 0
