0 1 0 0
0.1 0.9971910643 0.08993685045 0
0.2 0.9888026682 0.1793710443 0
0.3 0.9749423798 0.2678136353 0
0.4 0.9557838022 0.3548022453 0
0.5 0.9315586756 0.4399119135 0
0.6 0.9025469575 0.5227634043 0
0.7 0.8690657774 0.6030286692 0
0.8 0.8314581456 0.6804334756 0
0.9 0.7900821735 0.7547574729 0
1 0.7453013696 0.8258321404 0
1.1 0.697476371 0.8935371465 0
1.2 0.6469582655 0.9577956511 0
1.3 0.5940835066 1.018569035 0
1.4 0.5391703044 1.075851451 0
1.5 0.4825163075 1.129664504 0
1.6 0.4243973613 1.180052256 0
1.7 0.365067121 1.227076702 0
1.8 0.3047573163 1.270813769 0
1.9 0.2436784876 1.311349847 0
2 0.182021044 1.348778855 0
2.1 0.1199565233 1.383199792 0
2.2 0.05763895883 1.414714714 0
2.3 -0.004793714306 1.443427113 0
2.4 -0.06721826575 1.469440611 0
2.5 -0.1295248233 1.492857943 0
2.6 -0.191615596 1.513780175 0
2.7 -0.2534036803 1.532306109 0
2.8 -0.3148119562 1.548531857 0
2.9 -0.3757720757 1.562550534 0
3 -0.4362235403 1.57445206 0
3.1 -0.4961128671 1.584323042 0
3.2 -0.5553928355 1.592246722 0
3.3 -0.6140218099 1.598302972 0
3.4 -0.6719631332 1.60256833 0
3.5 -0.7291845829 1.605116066 0
3.6 -0.7856578859 1.606016266 0
3.7 -0.8413582852 1.605335933 0
3.8 -0.8962641534 1.603139099 0
3.9 -0.950356648 1.599486941 0
4 -1.003619405 1.594437905 0
4.1 -1.056038264 1.588047828 0
4.2 -1.107601028 1.580370059 0
4.3 -1.15829724 1.571455581 0
4.4 -1.208117998 1.561353125 0
4.5 -1.257055774 1.550109292 0
4.6 -1.305104267 1.537768654 0
4.7 -1.35225826 1.524373866 0
4.8 -1.398513502 1.509965765 0
4.9 -1.443866596 1.494583468 0
5 -1.488314902 1.478264462 0
5.1 -1.531856451 1.461044693 0
5.2 -1.574489863 1.442958648 0
5.3 -1.61621428 1.424039437 0
5.4 -1.657029304 1.404318864 0
5.5 -1.696934937 1.383827497 0
5.6 -1.735931535 1.362594739 0
5.7 -1.77401976 1.340648888 0
5.8 -1.81120054 1.318017197 0
5.9 -1.847475035 1.294725932 0
6 -1.882844601 1.27080042 0
6.1 -1.917310761 1.246265109 0
6.2 -1.950875181 1.221143607 0
6.3 -1.983539645 1.195458729 0
6.4 -2.015306032 1.169232542 0
6.5 -2.0461763 1.142486403 0
6.6 -2.076152467 1.115241001 0
6.7 -2.105236595 1.087516385 0
6.8 -2.133430776 1.059332007 0
6.9 -2.160737121 1.030706749 0
7 -2.187157747 1.001658957 0
7.1 -2.212694766 0.9722064679 0
7.2 -2.237350281 0.9423666377 0
7.3 -2.261126369 0.912156369 0
7.4 -2.284025081 0.8815921354 0
7.5 -2.306048433 0.8506900055 0
7.6 -2.327198398 0.8194656659 0
7.7 -2.347476903 0.7879344429 0
7.8 -2.366885823 0.7561113232 0
7.9 -2.385426976 0.7240109742 0
8 -2.403102121 0.6916477629 0
8.1 -2.419912953 0.6590357741 0
8.2 -2.435861098 0.626188828 0
8.3 -2.450948114 0.5931204974 0
8.4 -2.465175487 0.5598441237 0
8.5 -2.478544626 0.5263728325 0
8.6 -2.491056864 0.4927195492 0
8.7 -2.502713456 0.4588970132 0
8.8 -2.513515576 0.4249177922 0
8.9 -2.523464315 0.3907942963 0
9 -2.532560683 0.356538791 0
9.1 -2.540805603 0.3221634105 0
9.2 -2.548199915 0.2876801704 0
9.3 -2.554744371 0.25310098 0
9.4 -2.560439636 0.2184376547 0
9.5 -2.565286288 0.1837019281 0
9.6 -2.569284816 0.1489054634 0
9.7 -2.572435621 0.1140598654 0
9.8 -2.574739014 0.07917669155 0
9.9 -2.576195217 0.04426746404 0
10 -2.576804362 0.009343680459 0
10.1 -2.57656649 -0.02558317468 0
10.2 -2.575481555 -0.06050161877 0
10.3 -2.573549418 -0.09540015989 0
10.4 -2.570769851 -0.1302672856 0
10.5 -2.567142538 -0.1650914515 0
10.6 -2.562667071 -0.1998610703 0
10.7 -2.557342954 -0.2345644997 0
10.8 -2.551169604 -0.2691900315 0
10.9 -2.544146347 -0.3037258793 0
11 -2.536272422 -0.338160167 0
11.1 -2.527546984 -0.3724809163 0
11.2 -2.517969097 -0.4066760346 0
11.3 -2.507537744 -0.4407333021 0
11.4 -2.496251821 -0.4746403591 0
11.5 -2.484110145 -0.5083846927 0
11.6 -2.471111448 -0.5419536228 0
11.7 -2.457254382 -0.5753342882 0
11.8 -2.442537524 -0.6085136325 0
11.9 -2.426959373 -0.6414783884 0
12 -2.410518353 -0.6742150625 0
12.1 -2.393212817 -0.7067099194 0
12.2 -2.375041052 -0.7389489647 0
12.3 -2.356001275 -0.7709179277 0
12.4 -2.336091643 -0.8026022434 0
12.5 -2.315310255 -0.8339870335 0
12.6 -2.293655154 -0.8650570869 0
12.7 -2.271124335 -0.895796839 0
12.8 -2.247715747 -0.9261903504 0
12.9 -2.223427303 -0.9562212838 0
13 -2.19825688 -0.9858728812 0
13.1 -2.172202334 -1.015127939 0
13.2 -2.145261502 -1.04396878 0
13.3 -2.117432212 -1.07237723 0
13.4 -2.088712295 -1.100334586 0
13.5 -2.059099595 -1.127821586 0
13.6 -2.028591979 -1.154818377 0
13.7 -1.997187354 -1.181304484 0
13.8 -1.964883677 -1.20725877 0
13.9 -1.931678978 -1.232659404 0
14 -1.897571374 -1.257483815 0
14.1 -1.862559089 -1.281708656 0
14.2 -1.82664048 -1.305309755 0
14.3 -1.789814061 -1.328262071 0
14.4 -1.75207853 -1.350539643 0
14.5 -1.713432801 -1.372115541 0
14.6 -1.673876043 -1.392961804 0
14.7 -1.63340771 -1.413049387 0
14.8 -1.592027593 -1.432348097 0
14.9 -1.549735866 -1.450826525 0
15 -1.506533137 -1.468451983 0
15.1 -1.462420513 -1.485190421 0
15.2 -1.417399663 -1.501006358 0
15.3 -1.371472897 -1.515862796 0
15.4 -1.324643247 -1.529721132 0
15.5 -1.276914565 -1.542541072 0
15.6 -1.228291622 -1.554280531 0
15.7 -1.178780235 -1.564895535 0
15.8 -1.128387389 -1.574340115 0
15.9 -1.077121394 -1.5825662 0
16 -1.024992045 -1.5895235 0
16.1 -0.9720108112 -1.595159391 0
16.2 -0.9181910439 -1.599418797 0
16.3 -0.8635482115 -1.60224406 0
16.4 -0.8081001629 -1.603574827 0
16.5 -0.7518674227 -1.603347916 0
16.6 -0.6948735232 -1.601497206 0
16.7 -0.6371453768 -1.597953514 0
16.8 -0.5787136938 -1.592644494 0
16.9 -0.51961345 -1.585494541 0
17 -0.4598844116 -1.576424723 0
17.1 -0.3995717212 -1.565352728 0
17.2 -0.3387265514 -1.552192855 0
17.3 -0.2774068343 -1.536856045 0
17.4 -0.2156780693 -1.519249978 0
17.5 -0.1536142177 -1.49927924 0
17.6 -0.09129868673 -1.476845587 0
17.7 -0.02882540537 -1.451848329 0
17.8 0.03370000805 -1.424184866 0
17.9 0.09615899195 -1.393751402 0
18 0.1584187121 -1.360443878 0
18.1 0.220330676 -1.324159177 0
18.2 0.281729322 -1.28479664 0
18.3 0.342430627 -1.242259948 0
18.4 0.4022307975 -1.196459424 0
18.5 0.4609051273 -1.147314816 0
18.6 0.5182071355 -1.094758582 0
18.7 0.573868123 -1.038739723 0
18.8 0.6275973197 -0.9792281524 0
18.9 0.6790828186 -0.9162195511 0
19 0.7279935146 -0.8497406103 0
19.1 0.7739822677 -0.7798544782 0
19.2 0.8166904899 -0.7066661393 0
19.3 0.8557542995 -0.6303273605 0
19.4 0.890812285 -0.5510407451 0
19.5 0.9215147777 -0.4690623735 0
19.6 0.9475343422 -0.3847024906 0
19.7 0.9685769863 -0.298323759 0
19.8 0.9843933895 -0.2103367391 0
19.9 0.9947892999 -0.1211924922 0
20 0.9996341933 -0.03137250554 0
