0 -1 0 0
0.1 -0.99719085233 -0.0899159619876 0
0.2 -0.988799816088 -0.179329229532 0
0.3 -0.974934350381 -0.267750876749 0
0.4 -0.955767890927 -0.354718486567 0
0.5 -0.931531979253 -0.439806981189 0
0.6 -0.902506373961 -0.522636922224 0
0.7 -0.869008035434 -0.60287997738 0
0.8 -0.831379859709 -0.680261563352 0
0.9 -0.789979915096 -0.754560932274 0
1 -0.745171747641 -0.825609143058 0
1.1 -0.697316112051 -0.893285442873 0
1.2 -0.646764288832 -0.957512589898 0
1.3 -0.593852988546 -1.01825159779 0
1.4 -0.538900729822 -1.07549629891 0
1.5 -0.482205508098 -1.12926802789 0
1.6 -0.424043540151 -1.17961063478 0
1.7 -0.364668865624 -1.22658595649 0
1.8 -0.304313601362 -1.27026981099 0
1.9 -0.243188669378 -1.31074853095 0
2 -0.181484848498 -1.34811602038 0
2.1 -0.119374029115 -1.38247129718 0
2.2 -0.0570105774998 -1.41391647322 0
2.3 0.00546726045203 -1.44255511867 0
2.4 0.067935966655 -1.46849095776 0
2.5 0.130285404488 -1.49182684542 0
2.6 0.192417541529 -1.51266397917 0
2.7 0.254245255046 -1.53110130548 0
2.8 0.315691227122 -1.54723508551 0
2.9 0.376686931435 -1.56115858974 0
3 0.437171710357 -1.57296189635 0
3.1 0.497091938802 -1.58273177194 0
3.2 0.556400269837 -1.590551617 0
3.3 0.615054956352 -1.59650146185 0
3.4 0.673019242674 -1.60065800113 0
3.5 0.730260820039 -1.60309465752 0
3.6 0.786751339958 -1.60388166683 0
3.7 0.842465979816 -1.6030861785 0
3.8 0.897383055429 -1.60077236668 0
3.9 0.951483675664 -1.59700154779 0
4 1.00475143466 -1.59183230198 0
4.1 1.0571721376 -1.58532059577 0
4.2 1.1087335564 -1.57751990435 0
4.3 1.15942521193 -1.56848133212 0
4.4 1.20923818 -1.55825373038 0
4.5 1.25816491835 -1.54688381162 0
4.6 1.30619911229 -1.5344162598 0
4.7 1.35333553704 -1.52089383632 0
4.8 1.39956993478 -1.50635748145 0
4.9 1.44489890492 -1.49084641122 0
5 1.48931980596 -1.47439820966 0
5.1 1.53283066778 -1.45704891653 0
5.2 1.5754301132 -1.43883311052 0
5.3 1.61711728776 -1.41978398824 0
5.4 1.65789179681 -1.39993343888 0
5.5 1.69775364919 -1.37931211503 0
5.6 1.73670320675 -1.35794949953 0
5.7 1.77474113899 -1.33587396874 0
5.8 1.81186838247 -1.31311285235 0
5.9 1.84808610429 -1.28969248988 0
6 1.88339566937 -1.26563828408 0
6.1 1.91779861094 -1.24097475143 0
6.2 1.95129660412 -1.21572556987 0
6.3 1.98389144212 -1.18991362388 0
6.4 2.01558501484 -1.16356104721 0
6.5 2.0463792896 -1.13668926326 0
6.6 2.07627629383 -1.10931902328 0
6.7 2.10527809947 -1.08147044262 0
6.8 2.1333868089 -1.05316303503 0
6.9 2.16060454233 -1.02441574522 0
7 2.1869334264 -0.995246979711 0
7.1 2.21237558388 -0.965674636181 0
7.2 2.23693312452 -0.93571613133 0
7.3 2.26060813663 -0.905388427371 0
7.4 2.28340267964 -0.874708057269 0
7.5 2.30531877736 -0.843691148768 0
7.6 2.32635841185 -0.812353447325 0
7.7 2.34652351798 -0.780710337986 0
7.8 2.36581597852 -0.748776866308 0
7.9 2.38423761966 -0.716567758364 0
8 2.40179020709 -0.684097439917 0
8.1 2.41847544235 -0.651380054798 0
8.2 2.43429495965 -0.618429482566 0
8.3 2.44925032298 -0.585259355484 0
8.4 2.4633430235 -0.551883074865 0
8.5 2.47657447724 -0.518313826842 0
8.6 2.48894602301 -0.484564597598 0
8.7 2.50045892056 -0.450648188097 0
8.8 2.51111434889 -0.416577228365 0
8.9 2.52091340484 -0.382364191348 0
9 2.52985710173 -0.348021406393 0
9.1 2.53794636822 -0.313561072379 0
9.2 2.54518204735 -0.278995270541 0
9.3 2.55156489558 -0.244335977004 0
9.4 2.55709558207 -0.209595075077 0
9.5 2.56177468803 -0.17478436732 0
9.6 2.56560270612 -0.139915587427 0
9.7 2.56858004005 -0.105000411945 0
9.8 2.57070700417 -0.0700504718575 0
9.9 2.5719838232 -0.0350773640623 0
10 2.57241063205 -9.26627734296e-05 0
10.1 2.57198747567 0.0348920691341 0
10.2 2.57071430901 0.0698652688037 0
10.3 2.5685909971 0.104815362077 0
10.4 2.56561731512 0.139730752149 0
10.5 2.56179294864 0.174599808166 0
10.6 2.55711749386 0.209410853749 0
10.7 2.551590458 0.24415215541 0
10.8 2.54521125978 0.278811910832 0
10.9 2.53797922994 0.31337823699 0
11 2.52989361188 0.347839158081 0
11.1 2.52095356249 0.382182593234 0
11.2 2.51115815297 0.416396343974 0
11.3 2.50050636986 0.450468081398 0
11.4 2.48899711622 0.484385333049 0
11.5 2.47662921287 0.518135469434 0
11.6 2.46340139993 0.551705690166 0
11.7 2.44931233841 0.585083009686 0
11.8 2.43436061212 0.618254242532 0
11.9 2.4185447297 0.651205988112 0
12 2.40186312696 0.683924614934 0
12.1 2.38431416946 0.716396244264 0
12.2 2.36589615543 0.748606733148 0
12.3 2.34660731892 0.780541656759 0
12.4 2.32644583346 0.812186290017 0
12.5 2.305409816 0.843525588419 0
12.6 2.28349733132 0.874544168038 0
12.7 2.26070639701 0.905226284602 0
12.8 2.2370349889 0.935555811618 0
12.9 2.21248104713 0.965516217448 0
13 2.18704248293 0.995090541277 0
13.1 2.16071718611 1.02426136789 0
13.2 2.13350303332 1.05301080117 0
13.3 2.10539789738 1.08132043623 0
13.4 2.07639965746 1.10917133012 0
13.5 2.04650621048 1.13654397092 0
13.6 2.01571548379 1.16341824521 0
13.7 1.98402544915 1.18977340378 0
13.8 1.95143413838 1.21558802538 0
13.9 1.91793966062 1.24083997854 0
14 1.88354022165 1.26550638115 0
14.1 1.84823414521 1.28956355781 0
14.2 1.81201989684 1.31298699468 0
14.3 1.7748961103 1.33575129181 0
14.4 1.73686161703 1.35783011264 0
14.5 1.69791547886 1.37919613058 0
14.6 1.65805702455 1.39982097254 0
14.7 1.61728589035 1.41967515914 0
14.8 1.57560206534 1.43872804143 0
14.9 1.53300594185 1.45694773405 0
15 1.48949837186 1.47430104444 0
15.1 1.4450807298 1.49075339815 0
15.2 1.39975498274 1.50626875991 0
15.3 1.35352376889 1.52080955042 0
15.4 1.30639048519 1.5343365586 0
15.5 1.25835938542 1.54680884942 0
15.6 1.20943568994 1.55818366698 0
15.7 1.15962570857 1.56841633311 0
15.8 1.10893697819 1.57746014137 0
15.9 1.05737841706 1.58526624682 0
16 1.00496049771 1.59178355175 0
16.1 0.951695440997 1.59695858795 0
16.2 0.897597433691 1.60073539616 0
16.3 0.842682872756 1.60305540383 0
16.4 0.786970639467 1.60385730241 0
16.5 0.730482407073 1.60307692592 0
16.6 0.673242986057 1.60064713331 0
16.7 0.615280711441 1.5964976974 0
16.8 0.556627877031 1.59055520429 0
16.9 0.497321221886 1.58274296821 0
17 0.437402474659 1.57298096771 0
17.1 0.376918961774 1.56118581105 0
17.2 0.315924285547 1.54727074011 0
17.3 0.254479078324 1.53114568471 0
17.4 0.192651838391 1.51271738164 0
17.5 0.130519852612 1.49188957602 0
17.6 0.0681702093743 1.4685633262 0
17.7 0.00570090320821 1.44263743765 0
17.8 -0.0567779709523 1.41400905596 0
17.9 -0.119142940714 1.38257445432 0
18 -0.181255810023 1.34823005598 0
18.1 -0.242962266662 1.31087373761 0
18.2 -0.304090478408 1.2704064638 0
18.3 -0.364449728454 1.22673430569 0
18.4 -0.423829160112 1.179770897 0
18.5 -0.481996724302 1.12944037581 0
18.6 -0.538698450282 1.07568084929 0
18.7 -0.593658189503 1.01844839785 0
18.8 -0.64657801167 0.957721602212 0
18.9 -0.697139457138 0.893506529058 0
19 -0.745005864414 0.825842046824 0
19.1 -0.789825987781 0.754805262621 0
19.2 -0.831239088198 0.680516779027 0
19.3 -0.868881611148 0.603145373976 0
19.4 -0.902395450956 0.522911623528 0
19.5 -0.931437641384 0.440089936458 0
19.6 -0.955691116528 0.355008475252 0
19.7 -0.974875976566 0.268046521831 0
19.8 -0.988760505259 0.179629019894 0
19.9 -0.99717106372 0.0902182833698 0
20 -0.999999968919 0.000303173077479 0
