0 0 1 0
0.1 -0.0899159619876 0.99719085233 0
0.2 -0.179329229532 0.988799816088 0
0.3 -0.267750876749 0.974934350381 0
0.4 -0.354718486567 0.955767890927 0
0.5 -0.439806981189 0.931531979253 0
0.6 -0.522636922224 0.902506373961 0
0.7 -0.60287997738 0.869008035434 0
0.8 -0.680261563352 0.831379859709 0
0.9 -0.754560932274 0.789979915096 0
1 -0.825609143058 0.745171747641 0
1.1 -0.893285442873 0.697316112051 0
1.2 -0.957512589898 0.646764288832 0
1.3 -1.01825159779 0.593852988546 0
1.4 -1.07549629891 0.538900729822 0
1.5 -1.12926802789 0.482205508098 0
1.6 -1.17961063478 0.424043540151 0
1.7 -1.22658595649 0.364668865624 0
1.8 -1.27026981099 0.304313601362 0
1.9 -1.31074853095 0.243188669378 0
2 -1.34811602038 0.181484848498 0
2.1 -1.38247129718 0.119374029115 0
2.2 -1.41391647322 0.0570105774998 0
2.3 -1.44255511867 -0.00546726045203 0
2.4 -1.46849095776 -0.067935966655 0
2.5 -1.49182684542 -0.130285404488 0
2.6 -1.51266397917 -0.192417541529 0
2.7 -1.53110130548 -0.254245255046 0
2.8 -1.54723508551 -0.315691227122 0
2.9 -1.56115858974 -0.376686931435 0
3 -1.57296189635 -0.437171710357 0
3.1 -1.58273177194 -0.497091938802 0
3.2 -1.590551617 -0.556400269837 0
3.3 -1.59650146185 -0.615054956352 0
3.4 -1.60065800113 -0.673019242674 0
3.5 -1.60309465752 -0.730260820039 0
3.6 -1.60388166683 -0.786751339958 0
3.7 -1.6030861785 -0.842465979816 0
3.8 -1.60077236668 -0.897383055429 0
3.9 -1.59700154779 -0.951483675664 0
4 -1.59183230198 -1.00475143466 0
4.1 -1.58532059577 -1.0571721376 0
4.2 -1.57751990435 -1.1087335564 0
4.3 -1.56848133212 -1.15942521193 0
4.4 -1.55825373038 -1.20923818 0
4.5 -1.54688381162 -1.25816491835 0
4.6 -1.5344162598 -1.30619911229 0
4.7 -1.52089383632 -1.35333553704 0
4.8 -1.50635748145 -1.39956993478 0
4.9 -1.49084641122 -1.44489890492 0
5 -1.47439820966 -1.48931980596 0
5.1 -1.45704891653 -1.53283066778 0
5.2 -1.43883311052 -1.5754301132 0
5.3 -1.41978398824 -1.61711728776 0
5.4 -1.39993343888 -1.65789179681 0
5.5 -1.37931211503 -1.69775364919 0
5.6 -1.35794949953 -1.73670320675 0
5.7 -1.33587396874 -1.77474113899 0
5.8 -1.31311285235 -1.81186838247 0
5.9 -1.28969248988 -1.84808610429 0
6 -1.26563828408 -1.88339566937 0
6.1 -1.24097475143 -1.91779861094 0
6.2 -1.21572556987 -1.95129660412 0
6.3 -1.18991362388 -1.98389144212 0
6.4 -1.16356104721 -2.01558501484 0
6.5 -1.13668926326 -2.0463792896 0
6.6 -1.10931902328 -2.07627629383 0
6.7 -1.08147044262 -2.10527809947 0
6.8 -1.05316303503 -2.1333868089 0
6.9 -1.02441574522 -2.16060454233 0
7 -0.995246979711 -2.1869334264 0
7.1 -0.965674636181 -2.21237558388 0
7.2 -0.93571613133 -2.23693312452 0
7.3 -0.905388427371 -2.26060813663 0
7.4 -0.874708057269 -2.28340267964 0
7.5 -0.843691148768 -2.30531877736 0
7.6 -0.812353447325 -2.32635841185 0
7.7 -0.780710337986 -2.34652351798 0
7.8 -0.748776866308 -2.36581597852 0
7.9 -0.716567758364 -2.38423761966 0
8 -0.684097439917 -2.40179020709 0
8.1 -0.651380054798 -2.41847544235 0
8.2 -0.618429482566 -2.43429495965 0
8.3 -0.585259355484 -2.44925032298 0
8.4 -0.551883074865 -2.4633430235 0
8.5 -0.518313826842 -2.47657447724 0
8.6 -0.484564597598 -2.48894602301 0
8.7 -0.450648188097 -2.50045892056 0
8.8 -0.416577228365 -2.51111434889 0
8.9 -0.382364191348 -2.52091340484 0
9 -0.348021406393 -2.52985710173 0
9.1 -0.313561072379 -2.53794636822 0
9.2 -0.278995270541 -2.54518204735 0
9.3 -0.244335977004 -2.55156489558 0
9.4 -0.209595075077 -2.55709558207 0
9.5 -0.17478436732 -2.56177468803 0
9.6 -0.139915587427 -2.56560270612 0
9.7 -0.105000411945 -2.56858004005 0
9.8 -0.0700504718575 -2.57070700417 0
9.9 -0.0350773640623 -2.5719838232 0
10 -9.26627734298e-05 -2.57241063205 0
10.1 0.0348920691341 -2.57198747567 0
10.2 0.0698652688037 -2.57071430901 0
10.3 0.104815362077 -2.5685909971 0
10.4 0.139730752149 -2.56561731512 0
10.5 0.174599808166 -2.56179294864 0
10.6 0.209410853749 -2.55711749386 0
10.7 0.24415215541 -2.551590458 0
10.8 0.278811910832 -2.54521125978 0
10.9 0.31337823699 -2.53797922994 0
11 0.347839158081 -2.52989361188 0
11.1 0.382182593234 -2.52095356249 0
11.2 0.416396343974 -2.51115815297 0
11.3 0.450468081398 -2.50050636986 0
11.4 0.484385333049 -2.48899711622 0
11.5 0.518135469434 -2.47662921287 0
11.6 0.551705690166 -2.46340139993 0
11.7 0.585083009686 -2.44931233841 0
11.8 0.618254242532 -2.43436061212 0
11.9 0.651205988112 -2.4185447297 0
12 0.683924614934 -2.40186312696 0
12.1 0.716396244264 -2.38431416946 0
12.2 0.748606733148 -2.36589615543 0
12.3 0.780541656759 -2.34660731892 0
12.4 0.812186290017 -2.32644583346 0
12.5 0.843525588419 -2.305409816 0
12.6 0.874544168038 -2.28349733132 0
12.7 0.905226284602 -2.26070639701 0
12.8 0.935555811618 -2.2370349889 0
12.9 0.965516217448 -2.21248104713 0
13 0.995090541277 -2.18704248293 0
13.1 1.02426136789 -2.16071718611 0
13.2 1.05301080117 -2.13350303332 0
13.3 1.08132043623 -2.10539789738 0
13.4 1.10917133012 -2.07639965746 0
13.5 1.13654397092 -2.04650621048 0
13.6 1.16341824521 -2.01571548379 0
13.7 1.18977340378 -1.98402544915 0
13.8 1.21558802538 -1.95143413838 0
13.9 1.24083997854 -1.91793966062 0
14 1.26550638115 -1.88354022165 0
14.1 1.28956355781 -1.84823414521 0
14.2 1.31298699468 -1.81201989684 0
14.3 1.33575129181 -1.7748961103 0
14.4 1.35783011264 -1.73686161703 0
14.5 1.37919613058 -1.69791547886 0
14.6 1.39982097254 -1.65805702455 0
14.7 1.41967515914 -1.61728589035 0
14.8 1.43872804143 -1.57560206534 0
14.9 1.45694773405 -1.53300594185 0
15 1.47430104444 -1.48949837186 0
15.1 1.49075339815 -1.4450807298 0
15.2 1.50626875991 -1.39975498274 0
15.3 1.52080955042 -1.35352376889 0
15.4 1.5343365586 -1.30639048519 0
15.5 1.54680884942 -1.25835938542 0
15.6 1.55818366698 -1.20943568994 0
15.7 1.56841633311 -1.15962570857 0
15.8 1.57746014137 -1.10893697819 0
15.9 1.58526624682 -1.05737841706 0
16 1.59178355175 -1.00496049771 0
16.1 1.59695858795 -0.951695440997 0
16.2 1.60073539616 -0.897597433691 0
16.3 1.60305540383 -0.842682872756 0
16.4 1.60385730241 -0.786970639467 0
16.5 1.60307692592 -0.730482407073 0
16.6 1.60064713331 -0.673242986057 0
16.7 1.5964976974 -0.615280711441 0
16.8 1.59055520429 -0.556627877031 0
16.9 1.58274296821 -0.497321221886 0
17 1.57298096771 -0.437402474659 0
17.1 1.56118581105 -0.376918961774 0
17.2 1.54727074011 -0.315924285547 0
17.3 1.53114568471 -0.254479078324 0
17.4 1.51271738164 -0.192651838391 0
17.5 1.49188957602 -0.130519852612 0
17.6 1.4685633262 -0.0681702093743 0
17.7 1.44263743765 -0.00570090320821 0
17.8 1.41400905596 0.0567779709523 0
17.9 1.38257445432 0.119142940714 0
18 1.34823005598 0.181255810023 0
18.1 1.31087373761 0.242962266662 0
18.2 1.2704064638 0.304090478408 0
18.3 1.22673430569 0.364449728454 0
18.4 1.179770897 0.423829160112 0
18.5 1.12944037581 0.481996724302 0
18.6 1.07568084929 0.538698450282 0
18.7 1.01844839785 0.593658189503 0
18.8 0.957721602212 0.64657801167 0
18.9 0.893506529058 0.697139457138 0
19 0.825842046824 0.745005864414 0
19.1 0.754805262621 0.789825987781 0
19.2 0.680516779027 0.831239088198 0
19.3 0.603145373976 0.868881611148 0
19.4 0.522911623528 0.902395450956 0
19.5 0.440089936458 0.931437641384 0
19.6 0.355008475252 0.955691116528 0
19.7 0.268046521831 0.974875976566 0
19.8 0.179629019894 0.988760505259 0
19.9 0.0902182833698 0.99717106372 0
20 0.000303173077478 0.999999968919 0
